21234	0021	01-01	0.74	3	21663802.54
21235	0021	01-02	0.53	0	0
21236	0021	01-03	0.37	2	5580232.6
21237	0021	01-04	0.54	0	0
21238	0021	01-05	0.3	3	6761334.29
21239	0021	01-06	0.3	0	0
21240	0021	01-09	0.3	10	42193088.7
21241	0021	01-10	0.29	1	2198951.22
21242	0021	01-11	0.29	3	6499220.05
21243	0021	01-12	0.43	2	5725975.2
21244	0021	01-13	0.56	0	0
21245	0021	01-14	0.5	1	3797909.46
21246	0021	01-15	0.29	1	2253873.26
21247	0021	01-16	0.28	0	-35105.54
21248	0021	01-17	0.29	1	1972923.98
21249	0021	01-18	0.44	2	6575942.65
21250	0021	01-19	0.62	1	4790736.7
21251	0021	02-01	0.74	1	5660035.98
21252	0021	02-02	0.53	36	277142615.58
21253	0021	02-03	0.38	0	0
21254	0021	02-04	0.54	1	4147777.49
21255	0021	02-05	0.45	11	119186474.34
21256	0021	02-06	0.45	4	19570804.83
21257	0021	02-07	0.3	0	-217312.39
21258	0021	02-08	0.43	1	3307633.87
21259	0021	02-09	0.42	0	0
21260	0021	02-10	0.29	2	2307203.43
21261	0021	02-11	0.29	0	-113028.51
21262	0021	02-12	0.43	0	0
21263	0021	02-13	0.56	0	0
21264	0021	02-14	0.29	2	4392920.13
21265	0021	02-15	0.29	0	0
21266	0021	02-16	0.28	0	0
21267	0021	02-17	0.29	4	20750325.45
21268	0021	02-18	0.44	5	84429098.96
21269	0021	02-19	0.62	1	4790736.7
21270	0021	03-01	0.74	0	-721177.82
21271	0021	03-02	0.53	0	0
21272	0021	03-03	0.38	10	50002218.27
21273	0021	03-04	0.54	0	0
21274	0021	03-05	0.45	2	6744529.74
21275	0021	03-06	0.45	20	135366481.16
21276	0021	03-07	0.3	0	0
21277	0021	03-08	0.43	1	3307633.87
21278	0021	03-09	0.42	2	5162599.04
21279	0021	03-10	0.29	1	2198951.22
21280	0021	03-11	0.29	0	0
21281	0021	03-12	0.43	3	4052349.02
21282	0021	03-13	0.56	1	3652593.99
21283	0021	03-14	0.29	1	2252659.01
21284	0021	03-15	0.29	17	78944696.54
21285	0021	03-16	0.28	11	44388868.84
21286	0021	03-17	0.29	0	0
21287	0021	03-18	0.44	0	0
21288	0021	03-19	0.62	0	0
21289	0021	04-01	0.74	0	0
21290	0021	04-02	0.53	0	-5259173.76
21291	0021	04-03	0.38	0	0
21292	0021	04-04	0.54	0	0
21293	0021	04-05	0.45	0	-0.31
21294	0021	04-06	0.45	1	0.01
21295	0021	04-07	0.3	2	4512281.03
21296	0021	04-08	0.43	2	5290206.85
21297	0021	04-09	0.42	2	272038.31
21298	0021	04-10	0.29	33	137664685.15
21299	0021	04-11	0.29	2	4319176.15
21300	0021	04-12	0.43	3	9631228.91
21301	0021	04-13	0.56	0	-11031639.5
21302	0021	04-14	0.29	2	2237328.63
21303	0021	04-15	0.29	0	0
21304	0021	04-16	0.28	3	6416979.03
21305	0021	04-17	0.29	4	12886459.77
21306	0021	04-18	0.44	0	0
21307	0021	04-19	0.54	0	0
21308	0021	05-01	0.74	0	0
21309	0021	05-02	0.53	0	-599.82
21310	0021	05-03	0.38	1	2878738.63
21311	0021	05-04	0.54	24	190453947.6
21312	0021	05-05	0.45	0	0
21313	0021	05-06	0.45	0	0
21314	0021	05-07	0.3	1	2315573.89
21315	0021	05-08	0.43	2	6418466.58
21316	0021	05-09	0.42	0	0
21317	0021	05-10	0.29	3	6483560.19
21318	0021	05-11	0.29	0	0
21319	0021	05-12	0.29	3	6420819.29
21320	0021	05-13	0.43	0	-823681.54
21321	0021	05-14	0.29	1	2252659.01
21322	0021	05-15	0.29	0	0
21323	0021	05-16	0.28	2	4279148.45
21324	0021	05-17	0.43	0	0
21325	0021	05-18	0.67	2	9984281.36
21326	0021	06-01	0.74	2	10953217.35
21327	0021	06-02	0.53	0	0
21328	0021	06-03	0.38	6	28102422.35
21329	0021	06-04	0.54	0	0
21330	0021	06-05	0.45	2	6744529.74
21331	0021	06-06	0.45	0	0
21332	0021	06-07	0.3	0	0
21333	0021	06-08	0.43	9	57457416.6
21334	0021	06-09	0.42	14	92450687.34
21335	0021	06-10	0.29	0	0
21336	0021	06-11	0.29	0	-3670411.24
21337	0021	06-12	0.29	1	1947761.15
21338	0021	06-13	0.33	0	0
21339	0021	06-14	0.29	1	2119268.92
21340	0021	06-15	0.29	1	2244219.23
21341	0021	06-16	0.28	1	2183606.12
21342	0021	06-17	0.43	1	3283081.72
21343	0021	06-18	0.47	2	3577379.13
21344	0021	07-01	0.74	1	5660035.98
21345	0021	07-02	0.53	0	0
21346	0021	07-03	0.38	1	2878738.63
21347	0021	07-04	0.54	0	0
21348	0021	07-05	0.45	0	0
21349	0021	07-06	0.45	17	123195363.41
21350	0021	07-07	0.3	1	2315573.89
21351	0021	07-08	0.43	0	0
21352	0021	07-09	0.42	16	112858206.71
21353	0021	07-10	0.29	0	0
21354	0021	07-11	0.29	9	43384435.81
21355	0021	07-12	0.62	0	0
21356	0021	07-13	0.29	4	10140164.4
21357	0021	07-14	0.29	1	2252659.01
21358	0021	07-15	0.28	0	0
21359	0021	07-16	0.29	0	0
21360	0021	07-17	0.68	0	-173832.94
21361	0021	08-01	0.74	2	10983288.15
21362	0021	08-02	0.53	0	-420508.17
21363	0021	08-03	0.38	0	0
21364	0021	08-04	0.54	2	8087991.37
21365	0021	08-05	0.45	2	6744529.74
21366	0021	08-06	0.45	1	0.01
21367	0021	08-07	0.3	1	2315573.89
21368	0021	08-08	0.43	0	0
21369	0021	08-09	0.42	0	0
21370	0021	08-10	0.29	0	-1382564.12
21371	0021	08-11	0.29	9	49955957.89
21372	0021	08-12	0.43	2	5140246
21373	0021	08-13	0.29	0	0
21374	0021	08-14	0.29	0	0
21375	0021	08-15	0.28	0	0
21376	0021	08-16	0.29	1	2210918.45
21377	0021	08-17	0.48	1	3705071.67
21378	0021	09-01	0.74	0	-12252777.92
21379	0021	09-02	0.53	2	7222530.74
21380	0021	09-03	0.38	2	5569806.71
21381	0021	09-04	0.54	2	8025157.03
21382	0021	09-05	0.45	0	0
21383	0021	09-06	0.45	11	106374707.35
21384	0021	09-07	0.3	11	48166786.15
21385	0021	09-08	0.43	11	68802791.3
21386	0021	09-09	0.42	1	4984769.29
21387	0021	09-10	0.29	3	6420819.29
21388	0021	09-11	0.61	0	0
21389	0021	09-12	0.3	0	0
21390	0021	09-13	0.29	1	2244219.23
21391	0021	09-14	0.29	0	-106252.22
21392	0021	09-15	0.64	2	35676236.55
21393	0021	10-01	0.74	1	5660035.98
21394	0021	10-02	0.53	12	92582989.6
21395	0021	10-03	0.38	9	56893654.46
21396	0021	10-04	0.54	17	196572789.46
21397	0021	10-05	0.45	1	3475662.59
21398	0021	10-06	0.45	2	6698356.66
21399	0021	10-07	0.3	1	630833.53
21400	0021	10-08	0.43	2	6418466.58
21401	0021	10-09	0.42	1	1915259.23
21402	0021	10-10	0.29	3	4266705.75
21403	0021	10-11	0.44	5	20966150.78
21404	0021	10-12	0.3	0	0
21405	0021	10-13	0.29	15	68807051.74
21406	0021	10-14	0.29	3	6577620.81
21407	0021	10-15	0.47	1	2839182.09
21408	0021	11-01	0.74	0	0
21409	0021	11-02	0.53	11	81421985.75
21410	0021	11-03	0.38	0	-577497.34
21411	0021	11-04	0.54	0	-577067.51
21412	0021	11-05	0.45	1	3475662.59
21413	0021	11-06	0.43	0	-272367.12
21414	0021	11-07	0.3	0	0
21415	0021	11-08	0.43	12	75109530.36
21416	0021	11-09	0.42	3	6263626.93
21417	0021	11-10	0.29	0	0
21418	0021	11-11	0.44	1	3456013.56
21419	0021	11-12	0.3	0	-132.44
21420	0021	11-13	0.29	0	-16814.58
21421	0021	11-14	0.29	0	0
21422	0021	11-15	0.5	1	3854686.29
21423	0021	12-01	0.74	2	14237562.4
21424	0021	12-02	0.53	2	10460909.59
21425	0021	12-03	0.38	0	0
21426	0021	12-04	0.54	2	10433539.52
21427	0021	12-05	0.45	0	0
21428	0021	12-06	0.43	1	3307633.87
21429	0021	12-07	0.3	0	-156787.88
21430	0021	12-08	0.43	0	0
21431	0021	12-09	0.42	0	0
21432	0021	12-10	0.61	1	1376177.95
21433	0021	12-11	0.29	3	6574994.49
21434	0021	12-12	0.29	0	0
21432	0021	12-13	0.67	0	-5161320.58
21436	0021	13-01	0.74	7	103345904.36
21437	0021	13-02	0.53	0	0
21438	0021	13-03	0.38	2	5586186.34
21439	0021	13-04	0.54	0	0
21440	0021	13-05	0.45	5	21156044.07
21441	0021	13-06	0.43	0	0
21442	0021	13-07	0.3	0	-264.05
21443	0021	13-08	0.43	2	8318076.9
21444	0021	13-09	0.42	4	14439480.61
21445	0021	13-10	0.45	7	55750310.85
21446	0021	14-01	0.74	2	10626443.08
21447	0021	14-02	0.53	2	10259147.95
21448	0021	14-03	0.38	2	5591901.33
21449	0021	14-04	0.54	2	10436334.89
21450	0021	14-05	0.45	0	0
21451	0021	14-06	0.43	0	0
21452	0021	14-07	0.3	3	6759103.81
21453	0021	14-08	0.43	0	0
21454	0021	14-09	0.42	2	4933450.37
21455	0021	14-10	0.31	0	0
21456	0021	PB-01	1.09	11	262629544.01
21457	0021	PB-02	0.87	1	6691225.93
21458	0021	PB-04	0.54	2	8130778.8
21459	0021	PB-05	0.29	1	2225131.48
21460	0021	PB-06	0.43	0	0
21461	0021	PB-07	0.56	5	26853333.8
21462	0021	PB-10	0.28	1	2183606.12
21463	0021	PB-11	0.29	0	0
21464	0021	PB-12	0.44	0	0
21465	0021	PB-13	0.62	0	-232710.83
